33,0,1,1,2,1,5,0,1,0,3,3,4,6,0,1,4,0,0,1,0
34,4,2,0,1,4,3,0,1,1,0,1,0,4,2,7,3,0,0,1,0
35,1,2,3,3,1,0,0,1,1,3,1,0,7,0,1,4,2,0,5,0
36,0,0,1,0,1,4,1,2,3,4,0,6,0,1,2,0,5,4,0,2
37,2,1,4,0,9,1,1,2,0,0,1,2,0,1,4,3,0,0,5,0
38,4,0,2,1,2,1,6,0,1,0,3,1,0,8,7,0,0,0,2,0
39,6,2,0,0,3,4,0,2,8,0,1,0,0,3,2,3,4,0,1,0
40,4,2,2,0,2,3,0,3,2,0,0,1,2,3,8,0,0,0,3,5
41,6,3,4,1,1,0,3,0,1,1,0,0,1,7,2,2,7,2,0,0
42,3,1,2,3,2,2,0,3,2,0,6,0,0,1,2,4,4,2,5,0
43,7,0,8,0,0,1,0,5,3,0,0,0,0,5,6,1,2,1,1,3
44,2,1,4,4,4,1,0,4,1,0,3,7,3,0,3,1,1,1,1,0
45,3,1,0,5,0,4,4,2,6,0,0,2,3,1,1,2,6,2,3,0
46,0,0,8,0,1,4,0,3,1,6,7,3,0,1,1,0,1,2,7,1
47,0,2,4,2,9,0,1,1,6,3,2,2,1,6,1,1,0,6,0,0
48,0,6,4,4,3,4,1,0,2,0,1,1,10,0,0,6,0,4,2
49,8,1,5,2,2,2,0,1,3,2,1,3,5,0,5,0,2,3,3,1
50,9,0,4,0,5,1,4,1,0,5,0,1,8,0,0,2,1,2,5,2
51,4,0,0,7,2,7,3,5,0,0,2,0,3,3,1,0,7,2,0,5
52,5,0,8,0,2,2,9,0,7,0,0,0,9,0,2,2,0,2,4,0
53,2,2,8,0,7,0,0,6,5,4,6,1,5,0,1,0,1,0,4,1
54,6,0,4,3,2,4,3,0,7,1,5,2,4,0,6,0,2,2,0,3
55,6,0,1,6,5,2,3,2,0,8,9,0,3,2,0,5,1,0,0,2
56,6,2,0,0,9,0,7,2,1,2,1,0,1,7,5,0,7,0,3,3
57,4,5,2,7,2,0,1,0,1,0,0,4,10,4,1,4,2,5,0
58,2,2,0,5,1,4,1,0,1,1,6,0,9,0,5,4,9,0,8,0
59,4,1,0,2,9,0,2,0,8,0,9,1,0,4,3,4,10,1,0
60,0,6,7,0,4,1,8,1,1,6,2,2,4,0,1,1,10,3,0
61,10,1,1,0,7,3,1,7,0,4,2,7,3,0,1,6,2,2,2
62,0,2,9,0,1,2,4,6,1,6,3,3,0,1,3,6,6,0,6,2
63,0,9,3,5,0,2,4,4,0,8,6,2,7,2,1,0,5,2,2,1
64,5,3,5,3,3,1,6,3,9,1,0,6,0,0,5,0,5,4,4,1
65,1,4,6,0,4,3,3,5,4,2,2,3,4,4,8,1,1,1,1,8
66,1,4,4,2,7,1,4,2,10,2,1,3,2,5,0,6,0,4,5
67,8,0,9,1,0,2,5,0,1,7,4,5,1,9,3,0,8,0,0,1
68,4,2,0,8,1,5,3,6,0,5,9,0,7,1,5,0,0,5,7,0
69,0,10,1,6,6,0,2,1,3,2,10,3,0,4,2,5,3,2,5
70,3,2,4,5,4,1,0,3,3,0,4,4,10,2,3,8,0,8,1
71,8,0,1,2,7,3,2,7,9,1,4,0,3,0,6,0,3,4,3,2
72,7,3,1,4,5,2,4,2,4,6,4,2,0,0,0,8,0,6,7,2
73,3,0,0,8,1,7,10,2,5,7,0,6,1,0,6,2,1,6,1
74,2,0,10,8,0,0,2,0,4,4,3,2,1,1,3,10,7,1
75,7,2,3,0,5,1,4,4,9,1,7,1,5,1,0,7,1,6,3,1
76,8,1,0,4,3,7,0,4,9,1,3,5,9,0,6,0,2,3,2,6
77,4,4,3,6,2,2,5,2,0,1,3,0,2,7,8,0,10,8,1
78,4,5,4,4,8,1,9,1,4,5,0,2,1,5,5,3,0,6,1,6
79,10,0,4,4,4,2,0,6,4,2,6,9,0,5,1,4,3,6,3
80,1,0,4,5,10,8,0,7,1,1,3,10,3,4,7,1,0,0
81,9,0,5,0,7,3,2,1,2,7,2,3,9,1,4,3,8,0,3,6
82,1,0,7,3,8,0,1,7,9,1,4,2,1,1,0,3,9,1,4,4
83,1,8,4,2,10,6,3,2,5,3,3,7,0,3,0,7,1,5,4
84,3,2,9,1,5,4,9,1,2,7,3,0,5,4,6,2,5,0,7,2
85,6,4,2,7,3,5,3,5,6,1,0,4,5,3,10,1,3,0,10,1
86,5,2,2,8,2,6,3,6,0,7,0,6,8,2,6,1,9,0,3,2
87,0,2,1,9,5,5,0,5,1,1,1,8,5,2,8,0,3,6,2,8,10
88,3,1,3,4,0,6,10,9,1,0,2,2,8,4,5,6,1,9,0
89,5,5,9,0,3,1,6,1,8,0,0,4,4,3,2,8,8,2,0,3
90,3,0,1,9,7,2,6,1,6,1,4,2,2,6,3,0,10,9,1,0
91,10,2,4,5,5,8,1,6,4,3,4,2,1,2,3,2,4,6,2
92,3,4,3,7,6,0,10,7,0,2,1,2,7,4,0,5,5,5,3
93,10,6,2,3,6,1,6,7,1,2,0,7,0,9,0,9,0,10,2,4
94,9,1,2,8,0,9,10,2,6,8,1,6,1,8,2,2,4,3,0
95,1,8,6,0,1,8,6,4,8,2,0,0,8,0,10,7,1,8,1
96,0,8,1,4,3,1,8,2,3,4,6,4,8,0,10,6,3,4,1
97,8,2,6,1,6,1,2,1,3,5,10,8,1,8,2,8,0,1,1
98,2,7,2,3,9,0,9,1,0,9,10,3,4,3,3,8,1,9,1,7
99,10,6,4,5,4,6,0,5,5,3,0,0,2,6,4,7,3,1,2
100,8,1,10,0,10,9,0,7,2,9,1,4,3,0,2,6,1,2,2
101,8,2,2,3,6,3,10,4,1,7,2,9,0,5,5,6,0,7,3,5
102,6,4,1,6,5,5,9,0,10,1,8,8,1,6,0,8,0,1,4
103,9,1,0,3,4,2,10,2,1,10,2,8,8,1,0,1,10,9,1
104,5,1,5,4,3,4,9,1,5,1,1,7,10,6,3,8,2,6,3
105,3,3,3,4,7,2,6,0,2,6,2,1,10,5,5,9,1,8,1
106,9,1,1,8,1,6,7,1,9,0,8,0,8,2,10,5,4,2,4
107,9,1,8,2,5,3,1,3,0,6,10,3,6,8,2,0,9,6,3
108,1,1,8,2,5,2,7,1,10,9,1,6,0,10,3,6,6,0
109,5,4,0,10,6,1,3,6,9,1,9,1,2,3,3,0,5,5,7,3,2
110,9,1,8,2,8,1,0,6,0,10,3,4,10,6,1,5,3,6,1
111,4,6,9,1,1,4,10,3,1,3,1,5,5,10,6,2,3,5
112,5,5,10,9,0,4,3,0,8,5,0,6,4,9,0,8,0,8,0
113,9,1,6,0,8,1,1,5,6,4,9,1,8,1,2,4,8,2,5,4
114,9,0,3,7,10,1,0,3,4,9,0,9,1,0,2,10,10,7,1
115,8,1,5,5,5,4,2,2,0,7,1,1,7,1,10,10,3,7,8
116,4,2,9,0,6,2,9,1,6,3,1,2,4,3,10,9,1,8,2,10
117,2,4,3,7,7,1,8,2,8,2,6,4,10,2,2,7,1,0,6
118,4,6,8,2,6,4,4,4,5,2,4,6,7,2,6,3,2,4,9,1,4
119,9,1,7,3,10,6,2,10,7,2,4,3,4,1,9,1,3,0
120,1,8,5,2,7,2,10,10,9,1,8,2,3,1,1,3,2,5
121,8,2,7,3,1,8,5,5,6,0,9,1,8,0,7,3,8,1,5,4
122,4,2,2,2,0,8,9,1,2,7,10,10,9,0,2,8,8,0
123,10,5,1,4,0,1,7,6,0,2,0,9,0,10,10,10,6,0
124,1,5,7,0,3,0,10,8,2,7,3,10,6,1,3,4,10,8,2
125,8,2,5,2,5,5,8,2,9,1,6,2,4,0,2,8,5,5,4,5
126,7,3,10,3,0,10,1,5,8,1,10,10,8,0,1,4
127,7,1,1,9,9,0,10,10,2,8,1,6,10,0,2,9,1,7
128,10,1,9,10,6,2,7,3,8,2,7,0,7,3,0,2,7,1
129,3,3,7,0,3,4,3,1,10,7,2,10,8,2,10,4,6,7
130,5,5,5,2,10,9,0,9,0,7,3,8,2,0,3,10,10,4,2
131,4,5,6,4,5,0,0,10,7,3,3,3,1,9,8,2,10,9,0
132,9,1,6,2,1,8,7,1,6,4,10,5,2,3,4,9,1,10,9,1
133,10,4,4,1,1,9,0,10,10,0,10,3,5,4,3,10,10,8
134,7,2,7,3,9,1,1,4,10,10,1,9,4,6,6,1,5,5,2
135,3,7,7,2,5,0,2,5,3,7,4,6,6,4,3,7,10,1,9,4
136,1,1,2,8,9,1,10,10,2,6,9,1,9,0,9,0,1,9,0
137,9,1,10,2,4,3,0,9,1,2,2,10,6,4,10,4,6,6
138,9,1,10,7,2,4,4,6,0,6,4,10,7,2,10,3,6
139,4,3,9,1,10,3,3,7,1,7,1,8,2,7,2,10,10,8,2
140,10,2,3,5,4,10,10,7,2,10,10,5,0,7,3,1
141,9,0,8,2,10,4,4,10,9,1,7,0,3,7,5,5,8,1
142,3,7,10,10,8,2,8,0,9,1,6,1,6,2,1,5,8,2,1
143,5,5,4,6,5,5,10,2,2,0,10,10,1,7,2,8,8,2,2
144,2,8,8,2,10,7,3,9,1,9,1,3,5,0,0,3,5,10,7,2
145,6,4,8,1,6,3,9,1,2,7,9,1,10,3,7,10,9,0
146,8,1,4,4,10,5,5,3,7,2,2,10,7,3,10,3,7,10
147,9,1,8,1,10,5,5,9,1,9,1,10,4,4,1,6,2,7
148,1,4,10,10,10,8,1,3,6,0,8,7,3,6,1,9,1,7
149,10,2,4,9,1,10,3,7,4,5,10,6,4,10,7,0
150,7,2,7,0,0,8,7,3,10,10,10,4,0,10,1,9,4
151,10,6,4,10,0,10,9,1,8,2,9,0,9,1,0,9,6,1
152,4,5,10,2,7,10,6,3,10,10,1,9,10,8,0
153,4,6,10,10,5,5,4,5,2,6,9,0,9,1,2,8,7,3,9
154,4,4,2,6,0,10,10,8,0,10,8,0,10,10,8,2,8
155,6,1,10,10,9,1,5,3,10,8,1,3,3,5,5,10,10,2
156,10,10,2,1,4,6,9,1,10,10,3,4,7,3,8,2,4
157,10,5,5,4,3,2,6,10,5,5,6,1,6,4,10,10,5,5
158,5,5,6,0,7,3,5,1,10,7,2,10,10,5,5,10,10,2
159,9,1,8,2,10,3,5,7,1,7,0,1,5,1,9,10,10,10,4
160,4,6,8,2,10,3,6,9,1,5,5,7,3,10,10,0,6
161,10,8,0,10,1,9,5,5,8,2,10,10,5,4,4,5
162,10,9,1,5,5,10,10,10,1,5,6,4,7,1,8,1
163,10,10,8,2,10,9,1,0,7,9,1,8,2,10,1,4
164,4,6,10,10,10,9,1,10,1,8,2,0,9,1,1,3
165,5,5,6,3,10,10,10,3,3,1,9,10,10,1,6
166,3,7,10,10,10,10,1,7,4,5,5,2,0,8,10,1,4
167,10,10,7,0,10,10,8,2,8,1,1,8,5,5,8,2,4
168,10,6,4,10,10,10,9,1,2,2,1,7,4,4,9,1,7
169,6,0,10,10,10,8,2,10,2,8,10,2,1,7,2
170,9,1,10,9,1,9,0,7,2,5,5,10,10,7,3,8,0
171,0,6,2,8,8,2,2,8,8,2,10,10,10,5,5,4,4
172,9,1,7,3,10,9,0,3,2,10,10,10,6,2,10,7,3
173,7,0,5,0,9,1,10,8,2,10,9,1,3,7,8,2,10,10,10
174,4,6,10,10,3,6,2,8,2,8,10,10,8,1,0,10,5
175,10,10,10,9,1,10,3,5,8,2,10,8,0,4,0
176,3,7,9,1,5,1,9,1,7,3,6,2,0,10,10,10,10,5,5
177,2,6,3,6,10,10,10,0,10,10,10,6,3,9,1,6
178,1,5,9,1,10,5,3,8,2,10,10,10,8,2,9,0
179,10,2,8,9,1,9,1,9,1,1,7,1,5,10,10,10,8,1
180,10,10,10,9,1,9,0,8,0,10,10,6,2,6,4,3
181,10,10,7,3,7,3,8,2,9,1,2,6,10,1,9,10,8,2
182,8,2,10,7,3,10,2,4,0,6,9,1,10,10,10,6,2
183,8,1,10,10,10,10,10,0,10,7,2,7,3,3,2
184,8,2,8,2,10,10,5,2,0,10,10,5,5,9,1,9,1,9
185,1,4,6,1,0,10,9,1,9,1,10,10,9,1,10,10,8,0
186,6,4,10,10,10,10,6,4,8,1,10,7,0,3,6
187,5,5,7,0,7,3,3,3,10,10,10,10,8,2,9,1,7
188,0,1,7,3,10,10,6,4,6,3,10,10,10,10,1,4
189,9,1,10,9,0,10,10,10,9,1,8,1,8,2,10,2,3
190,5,0,9,1,4,3,9,1,10,10,10,10,10,6,3
191,8,2,10,10,10,8,2,10,10,6,3,3,5,9,1,1
192,4,5,8,2,10,10,9,1,10,6,4,8,2,8,2,10,5,3
193,9,1,10,9,1,9,1,10,10,10,10,6,0,2,4
194,8,2,5,0,9,1,9,1,10,8,2,10,10,10,7,3,8
195,8,0,8,2,7,2,8,2,10,10,6,4,10,10,10,7,1
196,6,4,10,10,4,2,6,0,10,10,10,10,8,2,6
197,1,9,8,0,10,10,10,10,0,5,10,10,10,1,9
198,7,3,10,10,7,3,5,5,10,10,9,0,10,7,3,9
199,2,7,9,1,10,10,7,3,9,1,10,10,10,8,0
200,0,9,10,10,10,10,10,10,8,0,9,0,8,0
203,9,1,10,8,2,8,0,0,8,6,4,10,10,10,10,9,1
205,5,5,9,1,0,0,10,10,10,10,10,6,4,10,10,0
206,5,5,5,5,1,6,10,10,10,10,10,5,5,10,5,3
216,8,2,10,6,2,8,2,10,10,10,10,10,9,1,1